0 388 209 57 83 230 200 73 70 
1 387 210 57 81 229 199 74 72 
2 228 200 72 71 387 209 56 82 177 271 17 58 
3 227 199 71 75 387 209 56 82 175 271 18 57 
4 385 209 58 82 225 200 72 73 173 276 18 63 
5 385 208 58 84 218 204 78 75 172 276 18 50 
6 218 204 78 75 384 209 59 82 171 276 18 62 
7 216 204 79 75 385 208 58 84 172 275 18 64 
8 207 204 102 77 384 209 59 82 
9 216 200 82 75 385 207 57 85 
10 214 201 84 73 
11 214 202 81 71 386 208 56 84 
12 204 209 97 66 
13 205 207 94 70 387 208 55 85 
14 204 207 96 70 387 210 55 81 
15 202 209 96 67 387 210 55 81 
16 203 211 92 66 175 283 20 66 
17 198 210 100 67 
18 198 209 84 71 385 209 57 84 
19 195 208 86 74 178 290 28 77 386 210 56 81 
20 194 206 88 79 181 288 27 79 384 210 59 81 
21 196 207 84 81 183 285 26 83 384 210 60 81 
22 184 287 26 81 194 206 86 79 385 209 59 83 
23 192 207 86 76 187 287 28 83 385 210 58 82 
24 187 210 95 72 387 209 56 83 189 286 31 86 
25 186 211 97 71 387 209 56 84 193 288 31 84 
26 185 211 95 72 192 299 33 73 387 209 57 83 
27 181 211 98 72 194 299 31 76 386 209 58 82 
28 208 291 20 71 183 211 95 74 386 208 57 84 
29 385 209 58 83 183 211 93 75 211 296 20 67 
30 385 209 57 84 212 298 21 72 176 209 100 79 
31 385 209 56 84 213 295 21 78 
32 385 209 57 84 162 215 99 73 
33 385 208 56 86 160 217 96 72 215 305 40 66 
34 385 208 56 87 160 217 95 72 219 303 40 68 
35 385 208 56 87 159 215 97 75 227 299 41 72 
36 161 216 93 74 385 208 57 86 235 292 29 70 
37 156 217 94 74 384 208 58 87 237 292 29 69 
38 156 217 90 74 382 207 60 88 239 289 26 76 
39 155 218 91 71 383 208 59 87 240 289 26 78 
40 153 219 93 70 384 208 58 86 
41 383 209 59 84 152 216 90 78 
42 381 209 62 85 148 216 97 78 279 280 21 58 
43 380 209 64 84 280 280 20 58 140 217 110 76 
44 380 209 64 84 279 279 21 61 134 222 99 66 262 283 37 73 
45 380 209 64 84 279 279 22 61 136 221 92 69 
46 380 210 64 83 134 220 95 70 278 281 22 58 
47 380 211 65 81 134 222 95 68 
48 379 210 66 83 137 222 89 81 
49 378 210 67 82 135 214 93 103 
50 378 210 67 83 134 214 92 108 
51 379 210 66 83 133 215 93 105 
52 379 209 66 84 135 226 74 79 
53 129 217 92 98 380 209 64 84 
54 128 220 90 91 380 209 64 84 
55 126 223 89 88 379 209 66 84 
56 124 223 92 90 379 209 66 84 
57 124 223 92 91 378 209 68 83 
58 120 227 95 87 379 209 66 83 
59 378 209 67 83 113 218 89 104 
60 378 209 67 83 109 215 95 108 
61 378 209 67 83 106 214 99 109 
62 106 218 97 103 378 209 67 83 
63 105 217 97 104 378 209 67 83 
64 99 212 107 114 379 208 66 84 
65 98 213 106 111 379 208 66 85 
66 98 216 101 104 379 208 65 84 
67 95 218 103 103 379 208 66 84 
68 96 224 101 93 379 209 66 83 
69 99 226 96 91 379 209 66 83 239 304 23 65 
70 96 225 100 93 379 209 66 82 237 304 25 66 
71 92 226 104 92 379 209 66 82 236 302 35 74 
72 91 227 108 89 379 210 66 81 232 306 37 67 
73 379 209 66 82 88 227 108 90 
74 379 209 66 82 91 229 103 86 219 306 35 72 
75 378 209 67 83 221 307 26 61 83 226 113 93 
76 213 311 34 65 378 209 67 83 77 232 105 97 
77 378 209 67 83 75 233 109 96 210 312 37 62 
78 379 208 66 84 71 233 115 96 214 309 24 56 
79 67 232 118 100 380 207 63 86 265 289 21 58 
80 66 231 119 101 380 207 64 86 265 289 21 58 
81 380 208 64 84 55 225 124 120 
82 379 208 65 84 
83 379 208 65 85 194 316 31 77 51 228 128 113 
84 379 208 66 85 193 317 31 74 50 233 105 108 268 289 19 56 
85 51 229 101 116 379 208 65 85 192 316 29 82 
86 379 208 65 85 188 319 27 79 47 229 107 118 
87 380 208 64 85 45 228 106 118 
88 380 208 64 85 182 324 28 73 44 229 109 116 
89 42 232 105 111 379 208 65 85 179 326 31 71 
90 39 234 105 110 379 208 65 84 177 328 32 71 
91 36 234 111 110 380 208 64 85 174 326 37 78 
92 380 208 64 85 34 235 113 106 166 326 38 77 
93 379 209 65 84 165 325 38 78 
94 380 209 64 83 165 326 36 95 
95 163 337 34 80 379 210 65 82 14 225 157 125 
96 163 345 31 73 379 209 66 83 22 238 104 102 
97 379 209 66 83 163 345 28 73 24 239 99 103 
98 380 209 65 83 10 258 122 82 160 347 28 72 
99 379 209 66 84 6 256 126 86 160 348 27 71 
100 6 254 123 90 379 209 66 84 154 349 33 86 
101 4 253 120 94 379 210 65 83 156 358 28 75 
102 6 251 116 97 379 209 66 84 156 362 27 74 
103 9 250 109 102 379 209 66 84 154 364 28 73 
104 9 249 106 105 379 209 66 84 152 365 30 73 
105 14 246 97 111 379 209 65 84 150 366 33 72 
106 17 248 93 109 379 209 66 84 137 369 35 83 155 373 19 71 
107 20 248 87 110 379 209 66 84 137 373 33 79 153 375 21 69 
108 13 248 93 111 379 209 66 84 
109 6 251 104 106 379 210 66 83 138 376 28 75 
110 379 209 66 84 0 256 103 98 138 378 24 77 
111 0 254 98 100 379 209 66 84 
112 1 255 98 99 379 209 66 84 
113 2 254 95 102 379 209 66 84 
114 4 256 92 98 379 209 66 84 
115 4 256 91 99 379 209 66 84 
116 7 256 85 99 379 209 66 84 
117 379 209 66 84 9 257 81 100 
118 9 259 81 97 379 209 66 84 
119 379 209 66 84 7 255 84 106 
120 379 209 66 84 8 252 82 111 
121 379 210 66 82 4 250 84 114 
122 379 209 66 83 1 250 88 116 
123 379 209 66 83 2 252 86 112 
124 379 210 66 82 6 255 68 132 
125 379 209 67 83 6 254 66 135 
126 379 209 67 83 5 249 65 145 
127 379 209 67 83 
128 379 209 67 83 
129 379 209 67 84 
130 379 209 67 83 
131 379 209 67 84 
132 379 209 67 84 
133 380 209 66 83 
134 379 209 66 84 
135 379 209 66 83 
136 379 209 66 83 
137 380 209 65 83 
138 379 210 66 82 
139 379 210 66 82 
140 379 210 66 82 
141 379 209 66 83 
142 379 209 66 83 
143 379 209 66 84 
144 379 209 66 84 
145 379 209 66 83 
146 379 209 66 83 223 292 22 68 
147 379 210 66 82 
148 379 210 65 82 213 290 19 74 
149 379 210 65 82 212 290 19 72 
150 379 209 65 84 211 290 21 73 
151 379 209 65 84 
152 379 210 65 82 
153 379 209 66 84 
154 379 209 65 84 
155 380 208 64 85 
156 380 209 64 84 
157 380 209 64 84 211 297 42 60 
158 380 209 64 83 
159 380 209 63 84 
160 380 209 63 84 
161 381 210 61 81 
162 380 209 63 82 
163 380 209 63 83 
164 380 209 63 84 
165 380 209 63 83 
166 380 209 63 83 
167 380 209 63 83 
168 380 209 63 83 
169 380 209 63 83 
170 379 209 64 83 
171 380 209 63 82 
172 380 210 63 81 
173 379 209 64 83 
174 379 209 64 83 
175 380 209 63 83 
176 380 209 63 83 
177 379 208 64 84 
178 379 208 64 84 
179 379 209 64 83 
180 379 209 64 83 
181 379 209 64 83 
182 379 209 64 84 
183 379 209 64 83 
184 379 210 64 82 
185 379 210 64 82 
186 379 211 64 81 
187 378 210 65 82 
188 379 210 64 82 
189 378 210 65 82 
190 379 210 64 82 
191 379 211 64 81 
192 379 210 65 82 
193 379 210 65 82 
194 379 210 65 82 209 296 21 64 
195 378 210 66 81 
196 378 210 66 81 
197 378 210 66 82 
198 378 209 66 83 189 291 20 72 
199 378 210 66 81 185 290 19 74 
200 379 210 65 81 183 292 22 72 
201 379 210 65 82 
202 378 209 66 83 
203 378 210 67 82 
204 378 210 67 82 
205 378 210 67 83 
206 378 210 67 82 
207 379 210 65 82 
208 379 210 66 82 
209 379 210 65 82 
210 378 210 67 82 
211 379 210 66 82 
212 378 209 67 83 
213 378 209 67 83 
214 378 209 67 83 
215 378 209 67 83 
216 378 210 67 83 
217 378 209 67 84 
218 377 209 67 84 
219 377 210 67 83 
220 378 210 66 83 
221 378 210 66 83 
222 378 209 66 84 
223 379 209 64 84 
224 379 209 64 84 
225 379 210 64 82 
226 379 210 65 82 
227 379 210 65 82 
228 379 210 65 82 
229 380 210 64 83 
230 380 211 64 81 
231 380 211 64 82 
232 379 210 65 83 
233 380 209 64 84 
234 379 209 65 84 
235 380 210 64 82 
236 380 210 64 82 
237 380 210 63 82 
238 379 210 64 82 
239 379 209 64 84 
240 379 209 64 84 
241 379 210 63 81 
242 379 210 63 81 
243 378 209 64 83 
244 378 209 65 84 
245 379 208 64 85 
246 379 209 64 84 
247 378 209 65 85 
248 379 209 65 84 
249 379 209 64 85 
250 379 209 64 85 
251 379 208 64 86 
252 379 208 64 86 
253 379 208 64 86 
254 379 208 64 86 
255 379 208 64 86 
256 380 208 63 86 
257 379 208 64 85 
258 379 208 65 86 
259 379 207 64 88 
260 379 208 64 86 
261 378 208 65 86 
262 378 208 65 86 
263 378 209 65 85 
264 378 209 65 84 
265 379 209 64 84 
266 380 208 62 85 
267 380 210 62 82 
268 380 210 63 83 
269 380 210 63 83 
270 380 210 63 83 
271 380 209 63 84 
272 380 209 63 84 
273 380 209 63 84 
274 380 209 63 84 
275 380 209 63 84 
276 380 209 63 84 
277 380 210 63 83 
278 380 209 63 84 
279 380 209 63 83 
280 379 209 64 83 
281 379 207 63 86 
282 381 208 59 85 
283 380 209 61 84 
284 380 209 61 84 
285 380 208 63 85 
286 380 209 63 83 
287 380 208 63 85 
288 379 208 64 85 
289 379 208 64 85 
290 379 208 64 85 
291 379 208 64 85 
292 379 208 64 85 
293 379 208 63 85 
294 379 208 64 86 
295 379 208 64 86 
296 379 208 64 86 
297 379 208 64 86 
298 380 208 63 86 
299 379 207 64 87 
300 380 208 63 86 
301 380 208 63 86 
302 379 208 64 86 
303 379 208 64 85 
304 379 208 63 85 
305 379 208 64 86 
306 380 208 63 85 
307 380 207 62 86 
308 380 208 63 86 
309 379 208 64 86 
310 380 208 63 85 
311 380 208 62 85 
312 380 208 62 86 
313 380 208 62 86 
314 380 208 62 86 
315 380 208 61 86 
316 380 208 61 86 
317 380 208 61 86 
318 380 208 61 87 
319 380 208 61 86 
320 380 208 61 87 
321 380 209 61 85 
322 380 209 61 85 
323 380 211 63 80 
324 381 212 63 78 
325 380 213 64 76 
326 380 212 63 78 
327 382 213 60 77 
328 381 214 61 75 327 143 61 75 
329 381 213 61 77 324 156 66 66 
330 381 213 61 77 324 157 67 64 
331 322 155 71 67 381 213 61 77 
332 323 153 68 70 382 213 60 77 
333 324 153 67 69 382 212 60 79 
334 324 153 67 69 381 213 62 78 
335 324 154 68 70 381 213 62 78 
336 324 155 69 68 380 213 64 78 
337 333 153 61 71 380 213 64 78 
338 380 213 64 78 332 153 63 72 
339 380 213 63 78 
340 334 156 60 71 381 214 62 76 
341 334 153 62 75 382 214 61 76 
342 334 156 64 70 383 214 59 76 
343 333 158 65 69 
344 332 156 66 73 
345 333 157 66 72 385 215 56 74 
346 329 156 69 72 385 215 55 75 
347 328 154 71 73 385 215 55 75 
348 330 157 65 72 384 215 57 74 
349 328 157 68 72 385 216 55 73 
350 327 161 69 68 384 216 57 73 
351 329 162 68 66 384 215 57 74 
352 325 161 71 68 384 217 58 72 
353 326 160 69 69 606 270 11 42 384 217 58 72 
354 323 161 72 69 606 271 11 39 384 216 58 73 
355 324 161 74 69 
356 321 160 78 71 
357 322 160 77 72 
358 321 161 76 72 384 214 57 76 
359 319 159 77 75 385 213 56 78 
360 309 156 94 85 384 213 57 79 
361 318 161 77 73 384 213 56 78 
362 317 161 77 74 383 213 58 77 
363 316 155 77 83 383 211 58 81 
364 298 151 93 87 381 211 62 81 
365 297 153 92 85 380 211 63 81 
366 381 212 62 79 312 162 69 75 
367 382 212 59 80 299 153 89 87 
368 383 212 58 79 
369 301 151 86 91 383 214 59 74 
370 307 165 67 79 
371 302 148 79 97 
372 301 145 82 102 
373 301 147 81 100 
374 300 149 84 98 
375 298 144 84 107 383 214 60 75 
376 298 144 82 108 385 213 56 77 
377 298 143 82 109 385 214 55 74 
378 299 143 81 110 385 213 55 77 
379 385 211 54 80 302 166 74 81 
380 384 210 55 83 301 145 78 108 
381 301 142 78 112 383 210 57 83 
382 383 209 57 85 302 167 71 79 
383 383 209 57 86 295 144 83 109 
384 383 209 57 85 299 168 73 79 
385 382 209 59 85 300 167 69 82 
386 383 208 57 86 295 162 82 91 
387 383 208 58 86 294 145 84 108 
388 383 208 58 87 290 144 90 110 
389 383 207 57 89 288 145 94 109 
390 383 207 58 89 290 165 83 88 
391 383 208 58 87 287 160 88 97 
392 382 208 60 87 287 160 87 96 
393 382 209 60 86 284 159 93 99 
394 382 210 60 83 279 162 103 95 
395 382 209 61 85 278 165 104 90 
396 382 209 61 86 276 162 107 94 
397 384 209 58 85 274 167 113 85 
398 384 209 58 84 274 167 112 85 
399 384 209 58 84 274 165 112 91 
400 383 209 60 85 271 171 101 82 253 158 167 110 
401 384 210 59 84 270 171 102 82 249 159 171 109 
402 383 210 60 83 269 173 103 80 249 160 171 109 
403 384 211 57 81 267 175 107 77 250 159 166 111 
404 267 175 106 79 250 163 166 104 385 210 55 82 
405 262 178 115 74 247 163 170 105 385 211 56 81 
406 263 180 113 73 386 213 56 77 240 166 183 100 
407 263 181 113 72 386 213 57 77 237 164 188 104 
408 262 182 114 71 240 163 182 106 385 214 58 75 
409 264 183 109 69 385 214 59 75 244 164 174 104 
410 263 184 111 67 385 214 59 75 245 162 172 108 
411 261 183 115 68 247 161 168 110 385 214 59 75 
412 261 184 114 66 384 214 60 75 249 163 163 107 
413 260 183 116 68 383 213 61 77 237 161 165 106 
414 260 183 117 68 383 213 62 78 235 163 169 102 
415 261 183 116 68 383 212 61 79 235 162 170 105 
416 383 211 60 81 259 177 117 75 235 162 170 106 
417 259 177 117 75 383 210 60 84 235 163 171 104 
418 259 175 117 78 233 162 175 106 383 210 60 84 
419 258 175 119 79 245 160 170 112 383 211 60 82 
420 257 174 121 80 243 160 174 112 383 211 60 82 
421 257 175 121 79 242 160 175 113 384 210 59 83 
422 257 175 121 78 383 210 60 83 
423 258 175 120 79 383 211 61 81 
424 258 175 120 79 383 211 60 81 
425 258 177 119 76 383 211 60 81 234 163 173 105 
426 258 177 118 76 383 211 60 81 244 160 173 112 
427 259 176 117 78 382 210 61 82 245 158 170 117 
428 259 175 116 79 382 210 61 82 244 157 173 119 
429 261 174 113 81 382 209 61 84 246 157 168 119 
430 261 175 112 79 382 209 61 84 247 157 167 119 
431 382 209 61 84 260 174 114 80 247 155 167 122 
432 260 173 115 81 382 209 61 83 249 156 163 119 
433 382 210 61 82 260 173 115 81 251 156 159 119 
434 382 210 62 82 259 172 116 83 248 156 165 119 
435 382 210 62 82 259 173 116 81 247 156 168 120 
436 382 211 61 80 260 173 114 81 246 160 171 112 
437 383 211 60 80 260 173 114 81 244 159 175 114 
438 384 212 59 79 260 174 113 79 244 159 174 113 
439 383 212 60 79 260 173 113 80 244 161 174 110 
440 260 173 113 80 383 212 60 79 245 162 171 107 
441 260 172 113 81 384 213 59 77 
442 260 172 113 80 385 214 58 75 
443 385 213 58 77 247 164 169 101 265 177 108 76 
444 384 213 60 77 249 164 166 101 264 177 109 76 
445 249 165 167 100 384 212 60 78 
446 248 163 169 103 385 212 59 79 260 175 115 75 
447 249 161 167 107 385 212 59 79 261 174 114 76 
448 248 161 169 107 384 212 60 79 261 173 113 79 
449 249 160 167 108 384 212 60 78 262 173 112 79 
450 250 161 165 106 385 213 59 77 264 176 110 78 
451 249 162 167 104 385 213 59 77 
452 247 158 170 112 385 213 60 77 261 174 114 78 
453 250 158 166 112 385 212 59 78 260 174 114 78 
454 385 213 58 78 250 158 166 112 260 174 114 78 
455 385 213 59 77 250 158 165 112 260 174 114 79 
456 248 158 169 113 385 214 58 75 261 173 111 80 
457 249 158 167 112 260 174 113 78 385 215 58 73 
458 248 158 170 112 260 173 114 80 385 215 58 74 
459 259 173 115 80 247 158 171 112 384 214 60 75 
460 259 173 114 81 385 214 59 75 248 160 170 109 
461 259 173 113 81 385 214 58 75 247 161 171 108 
462 259 172 113 83 385 214 58 75 
463 258 173 114 82 384 215 60 73 
464 259 172 113 83 384 214 60 75 
465 259 172 114 84 384 215 61 73 
466 258 171 115 85 384 216 62 72 
467 258 171 115 86 383 215 63 73 
468 258 171 115 85 384 214 62 75 
469 258 170 115 87 384 214 62 75 
470 258 169 116 89 384 213 61 77 
471 258 169 115 89 384 213 61 77 
472 258 168 116 90 384 212 62 79 
473 257 169 117 89 384 212 61 79 
474 258 170 115 87 384 212 60 79 
475 258 169 115 89 385 212 59 79 
476 259 168 114 90 
477 259 170 113 87 384 211 60 80 
478 259 168 113 91 384 213 61 76 
479 259 168 113 91 
480 259 166 113 94 
481 260 166 112 94 
482 260 165 112 96 
483 259 162 116 101 
484 258 161 114 104 382 212 63 75 
485 256 160 120 105 
486 254 164 124 99 382 211 64 80 
487 252 167 127 93 237 153 192 126 384 211 62 79 
488 241 153 185 126 253 169 127 90 384 211 61 79 
489 242 153 183 126 383 211 63 79 
490 241 154 184 123 251 171 130 85 384 211 62 79 
491 245 153 175 125 255 170 123 87 
492 241 153 185 126 255 169 123 91 
493 243 155 181 123 259 169 118 91 
494 241 152 187 127 262 170 113 88 385 213 61 76 
495 242 154 185 124 
496 249 160 172 113 388 216 55 71 
497 253 161 167 110 
498 255 155 168 120 
499 254 157 169 117 
500 256 158 164 114 
501 256 160 167 109 
502 254 162 179 105 
503 252 165 182 101 
504 255 164 180 102 
505 251 164 193 102 
506 247 167 203 98 387 210 56 81 
507 246 168 201 97 292 186 100 81 
508 250 169 199 94 293 184 102 84 
509 251 171 195 89 290 184 108 84 
510 255 172 186 87 
511 257 173 186 86 
512 255 171 192 90 
513 258 173 187 86 
514 261 172 184 87 
515 261 173 185 85 
516 262 173 185 86 387 205 57 91 
517 262 174 186 83 385 204 60 93 
518 264 173 186 84 384 205 61 91 
519 265 169 187 90 
520 265 169 189 92 
521 261 168 196 93 
522 259 168 200 93 
523 261 166 197 98 
524 262 167 193 97 385 205 59 92 
525 263 165 187 102 
526 262 163 187 105 295 185 104 84 
527 264 162 186 107 
528 267 162 181 107 388 204 55 93 
529 266 164 184 104 294 185 106 82 
530 270 162 175 108 387 206 56 89 297 186 100 81 
531 271 160 174 111 387 207 57 87 298 186 98 81 
532 270 159 178 114 386 207 59 88 
533 271 159 177 114 387 206 58 90 
534 272 159 175 114 386 206 58 89 
535 271 159 177 114 
536 273 159 174 113 
537 273 160 173 111 298 185 99 81 
538 275 160 168 112 297 185 100 81 
539 277 157 162 117 298 185 98 81 
540 275 159 164 114 297 185 100 81 
541 273 159 167 114 296 185 102 81 387 206 56 89 
542 274 159 165 114 296 184 102 83 386 206 58 89 
543 275 158 163 116 295 184 103 83 386 207 59 87 
544 275 158 164 116 296 184 102 83 385 206 60 89 
545 273 160 169 112 295 185 104 82 386 205 58 91 
546 274 162 167 108 295 185 104 82 
547 275 161 168 110 295 185 104 82 
548 276 160 167 111 295 184 104 83 
549 275 161 169 110 295 184 104 83 
550 273 161 171 109 295 185 104 82 385 206 60 90 
551 271 163 173 106 295 186 104 80 385 207 60 89 
552 267 164 180 105 293 187 108 79 384 207 62 89 
553 265 164 183 104 293 188 107 77 384 207 62 89 
554 264 166 183 101 292 187 109 80 384 208 62 87 
555 261 169 186 94 384 206 63 90 290 183 112 86 
556 264 168 179 95 385 208 61 86 
557 264 165 179 101 292 185 108 82 385 209 60 84 
558 265 167 179 97 291 183 110 85 385 207 60 87 
559 259 169 184 92 292 184 107 84 385 207 61 87 
560 261 169 177 92 387 206 58 89 294 185 103 80 
561 258 168 183 95 291 186 105 78 386 207 59 87 
562 261 166 181 97 291 185 106 81 
563 267 162 166 102 292 186 99 79 
564 265 160 166 106 
565 267 160 154 108 292 186 91 76 
566 255 163 174 105 386 203 60 92 284 189 104 71 
567 254 167 172 100 281 188 109 73 385 204 62 91 
568 258 165 164 103 
569 252 167 169 101 
570 260 184 121 82 381 206 67 87 
571 247 164 173 107 382 208 66 85 258 179 117 73 
572 260 183 116 69 234 166 170 101 
573 259 183 116 69 382 212 62 78 235 167 167 99 
574 261 180 109 73 245 155 174 125 384 209 59 84 
575 259 177 111 79 247 157 169 121 382 211 62 80 
576 258 177 113 78 248 158 167 118 381 210 63 81 
577 259 177 112 78 248 158 166 118 
578 258 178 113 76 248 161 166 112 381 211 63 79 
579 258 177 112 78 380 210 65 81 
580 258 176 114 79 380 209 65 82 
581 256 176 117 79 380 212 65 77 248 162 166 110 
582 257 176 117 79 246 162 170 110 380 211 65 78 
583 256 177 118 77 247 162 168 110 380 212 66 77 
584 257 178 115 76 380 212 65 77 249 162 164 110 
585 260 180 114 76 380 211 66 78 247 163 168 108 
586 259 180 116 74 380 212 66 76 247 166 168 103 
587 256 176 118 78 
588 256 178 117 76 
589 261 179 111 78 
590 261 179 112 78 380 212 64 77 
591 258 181 117 74 
592 258 181 115 74 
593 259 182 113 71 232 168 168 96 
594 259 184 112 68 233 169 166 93 385 212 56 77 
595 256 182 115 71 383 212 59 77 
596 227 168 175 93 383 213 59 75 
597 254 182 113 72 382 211 60 80 
598 250 179 118 77 383 211 60 80 
599 228 169 166 92 383 211 60 79 
600 226 170 168 91 382 210 61 81 
601 223 171 164 90 382 209 62 83 
602 222 171 161 89 382 212 62 78 
603 220 171 161 88 383 211 61 80 
604 232 180 120 74 381 211 64 80 
605 220 172 149 84 382 212 64 77 
606 217 170 153 88 381 212 65 77 
607 226 177 126 80 379 211 67 79 
608 224 176 126 80 379 211 67 80 
609 222 175 124 81 379 210 67 82 
610 213 176 136 79 379 209 67 84 
611 213 176 130 79 379 208 66 85 
612 209 177 135 76 379 209 66 84 
613 213 181 109 72 380 209 65 84 
614 212 181 109 70 380 209 65 84 
615 210 182 111 69 380 209 64 84 
616 208 181 113 70 381 209 64 84 180 156 166 114 
617 208 178 107 76 381 209 63 83 184 160 151 107 
618 203 177 109 75 381 209 63 83 
619 192 178 121 75 381 210 63 82 
620 190 176 122 78 381 209 63 83 531 142 35 34 
621 189 173 120 81 381 209 63 83 
622 381 208 62 85 182 178 112 74 
623 179 181 114 69 380 209 64 84 
624 177 178 111 72 380 209 64 83 
625 179 177 99 73 380 209 64 83 
626 175 178 98 71 380 208 64 84 
